   9.3399325e-01
   6.7873515e-01
   7.5774013e-01
   7.4313247e-01
   3.9222702e-01
   6.5547789e-01
   1.7118669e-01
   7.0604609e-01
   3.1832846e-02
   2.7692298e-01
   4.6171391e-02
   9.7131781e-02
   8.2345783e-01
   6.9482862e-01
   3.1709948e-01
   9.5022205e-01
   3.4446081e-02
   4.3874436e-01
   3.8155846e-01
   7.6551679e-01
   7.9519990e-01
   1.8687260e-01
   4.8976440e-01
   4.4558620e-01
   6.4631301e-01
   7.0936483e-01
   7.5468668e-01
   2.7602508e-01
   6.7970268e-01
   6.5509800e-01
   1.6261174e-01
   1.1899768e-01
   4.9836405e-01
   9.5974396e-01
   3.4038573e-01
   5.8526775e-01
   2.2381194e-01
   7.5126706e-01
   2.5509512e-01
   5.0595705e-01
   6.9907672e-01
   8.9090325e-01
   9.5929143e-01
   5.4721553e-01
   1.3862444e-01
   1.4929401e-01
   2.5750825e-01
   8.4071726e-01
   2.5428218e-01
   8.1428483e-01
   2.4352497e-01
   9.2926362e-01
   3.4998377e-01
   1.9659525e-01
   2.5108386e-01
   6.1604468e-01
   4.7328885e-01
   3.5165951e-01
   8.3082863e-01
   5.8526409e-01
   5.4972361e-01
   9.1719366e-01
   2.8583902e-01
   7.5720023e-01
   7.5372909e-01
   3.8044585e-01
   5.6782164e-01
   7.5854290e-02
   5.3950119e-02
   5.3079755e-01
   7.7916723e-01
   9.3401068e-01
   1.2990621e-01
   5.6882366e-01
   4.6939064e-01
   1.1902070e-02
   3.3712264e-01
   1.6218231e-01
   7.9428454e-01
   3.1121504e-01
   5.2853314e-01
   1.6564873e-01
   6.0198194e-01
   2.6297128e-01
   6.5407910e-01
   6.8921450e-01
   7.4815159e-01
   4.5054160e-01
   8.3821378e-02
   2.2897697e-01
   9.1333736e-01
   1.5237802e-01
   8.2581698e-01
   5.3834244e-01
   8.1472369e-01
   9.0579194e-01
   1.2698682e-01
   9.1337586e-01
   6.3235925e-01
   9.7540405e-02
   2.7849822e-01
   5.4688152e-01
   9.5750684e-01
   9.6488854e-01
   1.5761308e-01
   9.7059278e-01
   9.5716695e-01
   4.8537565e-01
   8.0028047e-01
   1.4188634e-01
   4.2176128e-01
   9.1573553e-01
   7.9220733e-01
   9.5949243e-01
   6.5574070e-01
   3.5711679e-02
   8.4912931e-01
