40.1 51
43.0 44
46.1 33
44.1 87
40.0 12
45.6 99
36.7 15
54.7 29
42.4 61
47.1 29
35.4 3
41.3 18
41.2 32
44.2 45
31.2 63
31.2 63
31.2 63
48.4 70
48.4 70
44.9 16
45.7 83
45.7 83
37.2 11
39.3 2
55.6 77
53.3 41
50.9 11
42.6 61
42.6 61
45.1 17
43.9 78
43.8 96
43.8 96
38.7 45
44.1 87
46.2 5
55.3 6
45.6 56
53.0 92
53.0 92
48.4 81
36.9 7
43.8 58
43.8 58
47.2 64
42.3 73
46.2 25
38.9 57
40.8 74
39.0 62
36.6 21
40.0 12
40.0 12
39.0 37
46.9 31
39.0 37
50.8 95
40.8 20
45.6 56
45.6 56
45.6 56
45.6 56
35.2 9
37.1 90
38.6 65
38.6 65
38.6 65
42.1 13
55.3 86
43.6 60
43.6 60
43.6 60
43.6 60
43.6 60
43.6 60
43.6 60
39.9 60
43.6 35
43.6 35
45.3 52
37.6 100
53.5 1
50.9 11
37.8 68
49.5 24
49.5 24
51.1 53
43.8 36
43.6 67
43.6 67
43.6 67
43.6 67
43.6 67
57.0 82
42.9 23
47.6 26
47.6 26
51.1 53
36.7 15
36.7 15
39.1 4
39.1 4
39.1 4
44.9 16
43.0 16
44.6 16
46.9 71
80.0 71
46.9 71
51.2 71
44.7 46
40.0 46
83.3 28
42.8 27
46.2 5
45.6 56
46.7 38
46.7 38
46.7 38
46.7 38
46.7 38
46.7 38
51.1 53
51.1 53
51.1 53
51.1 53
51.1 53
51.1 53
47.2 64
51.8 10
51.8 10
51.8 10
43.6 67
43.6 67
43.6 67
43.6 67
43.6 67
43.6 67
43.6 67
55.3 6
55.3 6
41.7 47
41.7 47
41.7 47
41.7 47
41.7 47
41.7 47
37.2 11
50.9 11
45.1 17
32.9 30
39.4 76
39.4 76
39.4 76
39.4 76
39.4 76
39.4 76
42.4 61
42.4 61
50.0 61
42.6 61
42.4 61
42.4 61
46.6 87
44.1 87
55.3 6
53.5 1
46.7 38
44.2 45
37.6 49
38.3 72
61.4 43
37.6 100
52.2 14
41.7 47
45.6 56
48.0 88
48.6 19
39.0 62
56.5 8
46.5 54
50.9 11
42.9 23
37.8 68
53.0 92
49.5 24
47.8 98
39.1 4
48.1 39
46.2 25
39.3 2
46.1 46
40.0 46
31.8 59
45.2 21
54.3 55
40.1 50
51.1 53
45.1 17
51.8 10
34.8 30
44.9 16
38.6 65
42.1 13
45.7 83
43.8 36
51.4 91
47.9 93
54.5 85
39.0 37
41.0 79
42.8 69
50.4 94
53.1 57
43.8 58
35.2 9
50.8 95
46.2 5
40.8 74
43.6 67
44.7 40
37.1 90
57.0 82
43.6 60
39.4 76
40.0 12
43.6 35
47.2 64
47.6 26
40.8 20
33.2 42
45.1 28
51.0 34
45.9 89
44.5 75
53.3 41
39.4 76
48.4 70
45.0 80
48.4 81
42.3 73
36.9 7
31.2 63
53.5 84
41.4 48
46.9 71
34.8 30
43.6 60
43.6 60
43.6 60
43.6 60
43.6 60
43.6 60
43.6 60
43.6 35
43.6 35
43.6 35
42.8 27
44.4 22
41.7 47
41.7 47
41.7 47
41.7 47
41.7 47
45.0 66
38.6 65
34.1 69
39.4 76
36.7 15
36.7 15
36.7 15
53.5 1
41.2 32
46.9 31
50.8 95
38.3 72
53.1 57
53.1 57
49.4 60
43.6 60
42.8 27
39.4 76
39.4 76
44.3 97
44.2 20
37.3 34
43.4 89
46.9 71
39.2 53
38.5 53
43.6 67
39.4 76
39.4 76
