53.5 1
39.3 2
35.4 3
39.1 4
46.2 5
55.3 6
36.9 7
56.5 8
35.2 9
51.8 10
50.9 11
40.0 12
42.1 13
52.2 14
36.7 15
44.9 16
45.1 17
41.3 18
48.6 19
44.2 20
45.2 21
44.4 22
42.9 23
49.5 24
46.2 25
47.6 26
42.8 27
83.3 28
54.7 29
34.8 30
46.9 31
41.2 32
46.1 33
51.0 34
43.6 35
43.8 36
39.0 37
46.7 38
48.1 39
44.7 40
53.3 41
33.2 42
61.4 43
43.0 44
44.2 45
46.1 46
41.7 47
41.4 48
37.6 49
40.1 50
40.1 51
45.3 52
51.1 53
46.5 54
54.3 55
45.6 56
53.1 57
43.8 58
31.8 59
49.4 60
50.0 61
39.0 62
31.2 63
47.2 64
38.6 65
45.0 66
43.6 67
37.8 68
42.8 69
48.4 70
80.0 71
38.3 72
42.3 73
40.8 74
44.5 75
39.4 76
55.6 77
43.9 78
41.0 79
45.0 80
48.4 81
57.0 82
45.7 83
53.5 84
54.5 85
55.3 86
46.6 87
48.0 88
45.9 89
37.1 90
51.4 91
53.0 92
47.9 93
50.4 94
50.8 95
43.8 96
44.3 97
47.8 98
45.6 99
37.6 100
