53.5
39.3
35.4
39.1
46.2
55.3
36.9
56.5
35.2
51.8
50.9
40.0
42.1
52.2
36.7
44.9
45.1
41.3
48.6
44.2
45.2
44.4
42.9
49.5
46.2
47.6
42.8
83.3
54.7
34.8
46.9
41.2
46.1
51.0
43.6
43.8
39.0
46.7
48.1
44.7
53.3
33.2
61.4
43.0
44.2
46.1
41.7
41.4
37.6
40.1
40.1
45.3
51.1
46.5
54.3
45.6
53.1
43.8
31.8
49.4
50.0
39.0
31.2
47.2
38.6
45.0
43.6
37.8
42.8
48.4
80.0
38.3
42.3
40.8
44.5
39.4
55.6
43.9
41.0
45.0
48.4
57.0
45.7
53.5
54.5
55.3
46.6
48.0
45.9
37.1
51.4
53.0
47.9
50.4
50.8
43.8
44.3
47.8
45.6
37.6
